8109
-311
-9188
5594
4741
-4203
-1728
-6259
5275
-3411
9857
-109
-2230
-7467
1495
-5216
5281
9564
7052
3541
3638
8331
-2583
3498
-6701
-1177
-2897
3423
-6998
-287
523
8571
9917
645
894
2654
-4127
-434
1158
6621
-3068
3307
667
-5269
-8020
-9222
-412
8986
-8543
5129
675
-5987
-7167
3012
-6776
-5440
-8902
8081
-1520
-6718
-554
-2943
-9748
714
-2156
-4142
-4355
-6349
-1932
553
5692
5074
2828
-9490
237
-4951
-123
-1084
2236
3504
8944
-4853
750
3099
-4010
1006
6853
5959
-9796
3916
-4476
-649
4387
4678
4999
-4173
1556
-2044
6321
3951
