6015
318
-17
9672
-3959
-2948
-3005
8365
1300
2514
-2634
6596
8936
-3274
-501
4572
-6576
7250
6562
-2568
-1719
-4279
5773
5606
6801
2060
-7593
9249
-9915
-941
-3637
-3087
3239
7532
2168
9218
3199
9413
1162
-4324
2542
-1405
4436
182
164
8494
-357
8226
3542
-314
-4879
-3729
-295
9013
-454
-9736
-6412
6191
4527
6115
7749
-503
-1360
6186
9654
5020
-7250
9118
-7047
-6692
-6162
-8154
6067
8924
-7039
8930
5346
5719
2058
-4453
-3853
-1178
3011
3536
3152
6129
2624
-5372
-8900
2637
8553
-847
-4727
6736
9353
-910
-5780
-6006
5571
675
-3190
2534
-2265
-443
5789
6892
9645
1434
-6259
-7576
-9297
-5569
-394
8099
936
6693
5523
1981
-9623
993
2944
-7183
7182
-8300
5065
-3100
5431
-6941
-4253
7248
8095
-1797
-6585
5394
8966
8817
2793
8202
9395
-1420
624
9172
-5341
3550
404
-6764
7895
-974
7414
-734
2301
-7840
-6821
9117
7778
-5946
7066
5156
-9897
-8298
7361
-6356
4808
-4652
-4218
-3315
2547
3254
-7949
5247
-908
3820
-9729
-5292
-3590
-3513
-3836
3213
4918
-3100
-291
7725
1354
2142
-4451
2012
7727
-1492
9573
-5601
-4744
-2827
-7040
4190
-5809
6299
-9712
-9378
-5428
-3442
-941
-3920
4691
-1224
2605
3456
3904
-3662
4315
-4488
9357
6950
9372
-4005
2106
-2065
181
3277
-6259
-6888
2296
-925
9732
-8698
-5170
7372
-4586
-6078
-5004
860
-9554
5589
-2660
2234
3305
-5303
-7889
7169
-976
-2933
-5432
5325
9816
7878
5029
-6256
6345
8627
-4487
9170
2050
-9929
5533
-4139
4883
2570
-3241
6962
-4754
7472
267
-1672
9865
-2437
6103
8577
7541
4739
-2482
3438
1152
-6509
-5579
-8489
-2771
-4441
7867
6883
6615
-5650
9376
648
-7055
4831
4774
6463
-6803
3819
2903
5045
8651
-3293
3599
-6496
-8611
9033
9928
-6461
2940
4534
-3091
-1878
8123
-8922
7646
6477
4367
-3537
4950
-9711
9030
3638
-5866
-409
-3667
-5763
7442
-6702
-3691
-5089
5432
-7140
4686
6088
-1267
-5050
-8385
-8480
6260
-9770
9368
-7203
-2264
-1454
-8548
-6924
4413
5738
3852
-8814
-1392
3736
-2721
-2437
6299
9401
5739
-4195
2106
1053
8688
5780
-2072
7139
-9424
-402
-3261
-4834
-8653
-5507
-2208
2036
-5914
8762
-5894
8569
3765
5626
-1781
6575
8914
7574
-3174
4715
-4523
5164
4636
346
731
-4251
8122
5589
2949
-7375
9554
9542
1794
8616
9921
-2946
5727
-8315
4500
8001
-9001
1286
-3338
-3899
-4772
3297
8781
-4411
8420
-8636
8040
-9849
-7329
874
-5815
-7623
-6177
-3653
-7281
5865
-4972
-8493
-5794
-7775
-6050
-5839
-3594
-4798
8452
3494
233
-454
-7778
-2937
2294
7658
-9776
3108
8350
1290
7019
-8278
-7878
9181
-9592
-7567
1496
7685
-4409
914
-6936
-8540
-7183
1260
-8208
5659
6256
2978
5563
-840
3714
-826
5260
7541
1911
-2081
4140
-9416
5862
1047
-9555
-5702
1710
-7667
8252
3474
58
-2516
-1273
-342
5513
3598
1211
5678
597
8906
-9359
-7602
-5675
3901
-8920
-3498
8140
6893
-6401
-9852
-9526
-1721
-1802
5869
3888
-202
-6599
-7076
5945
3442
-5743
-1055
-7067
-8040
3249
-1662
-355
-6937
-9444
-1114
137
2659
2479
5819
5496
-1371
-8954
-4122
-8967
6383
-7552
4511
-1845
1052
1070
-5750
7419
7702
1228
3149
-8265
3350
5
-1341
-8192
5400
3051
9115
-9644
1177
-3017
7738
-3956
-3664
8956
4091
-1449
-5713
4177
9429
-858
5980
8000
999
-1084
-7442
-6242
3534
-9876
-383
5552
-3207
-1706
2837
-2040
8129
4485
-9151
-8290
471
-5305
5547
-423
6526
2648
-9399
7298
-8248
-4472
8600
-4701
9605
202
5896
2699
9754
-4787
-6254
-3203
-6008
-4850
1161
1689
-2504
7785
499
5385
-3790
3560
2563
-2126
-1851
-8037
-9878
3833
2399
-436
-551
8817
-3266
-1574
8130
-1181
5582
-484
4860
-9294
6696
-1436
8739
-743
-7154
-5486
6992
4692
3574
7272
2015
5151
-1119
-6177
6397
-772
6157
-2819
-6090
6279
-6301
6811
5126
2293
4554
5067
9748
3858
-1706
6032
3662
-4242
5704
-1047
-886
623
5674
8646
372
-7388
-9312
-4577
5255
5475
-1299
-1921
180
-5525
2228
4152
-2162
-8590
-5262
4907
-8857
2118
-2327
8383
7072
-4453
-163
-2867
1445
-8758
9350
-5447
3424
7264
1445
452
2570
8531
-3438
9999
5839
7922
4213
-4012
6139
-9327
-7896
-5464
9004
-19
8631
5113
6679
-5191
-45
6153
1182
5608
7713
-9544
1964
-4630
-201
-1763
2790
9775
4562
-958
-3005
-9394
-3734
4533
-5367
7176
-399
-9530
3511
-5073
296
9571
-3433
9444
7250
-266
-3329
3264
8841
-9386
4261
6643
912
-7815
-2968
160
-6017
5722
5054
8324
-2089
7402
-2492
2973
396
-1563
9915
-1220
7468
-3488
1654
7815
-1987
-1904
-790
-8562
-4038
9997
7336
135
6217
998
-7353
2729
-4685
-8540
-133
-3674
4773
1827
-3599
3073
7130
-1977
4214
2404
7077
-5970
-9233
3274
-1043
9062
-4419
5107
-3992
2901
8639
1941
9215
-24
-7529
-9618
5491
-8665
-5006
-6643
3808
-1212
-7755
6663
2796
4278
-2801
319
-3808
5916
5493
-9225
-7419
6396
-5634
-4606
1961
2062
-7547
3228
1363
2764
-5717
-4347
-6982
-6668
8103
-6168
1687
-3901
9609
-2609
7766
5238
1917
-3223
-3348
3115
540
-5164
-1301
-1173
6701
-5978
5381
5944
8704
2070
-6826
6182
-8819
-7996
-1870
-5320
-7075
8676
-6183
9597
-1635
-6153
434
5721
-2921
-8366
-3702
8949
1613
-7556
5840
-6755
-6333
3899
-799
5039
-9529
3036
1037
-175
3367
8408
8004
-1120
-9424
-5920
1459
1337
9466
-6169
-310
8092
7205
-1167
-5179
5268
3719
919
5101
4411
7815
-117
5943
108
-772
-5802
-9854
-7468
9941
-24
-2047
-8041
150
3506
9911
-4509
-7647
-9241
-4807
-5339
3708
2362
-1353
-6762
-3937
-1769
-559
-10000
824
-5478
-7091
3355
-9230
4366
7171
6399
8653
5623
8230
2674
4528
-3536
-1839
2135
3503
-8998
-5970
-145
-9357
4088
8297
1145
-6893
8428
8463
-8462
-7458
7932
-9538
-7487
-1992
5400
8502
4933
6648
891
8285
-9020
4005
2890
5394
-7283
-6857
5473
2326
-7552
8643
-7110
-2067
3673
-7732
338
4077
8775
4943
-9600
7298
-4225
-9653
4119
-2461
1531
-3321
4632
5683
5489
-9230
