3589
4757
-9669
3311
-5845
-9097
-2649
9634
9686
-4774
100
2680
-5895
-3974
5985
-2839
-2972
8231
3381
-9560
9771
-4207
-5701
-9907
-4651
4125
7343
-8416
3740
5076
3541
9670
-3103
-3862
-3359
-1149
3567
6861
8417
-3178
2925
8011
7109
1388
-3555
7376
4622
-5024
4635
-6588
4997
-4866
1147
-1832
2543
-9488
-631
-643
8612
-215
6458
-7582
4037
9608
-3255
-2912
2514
5810
-5872
4640
-9967
-7041
-6888
-1739
-7634
8916
6198
-8577
2912
-1072
7012
2366
-9921
-212
6669
-3536
7092
685
4730
-8680
4428
7213
5047
6060
-7303
7516
-5679
-4143
-7738
-2883
10000
4422
-9427
-6931
-3940
-7932
-3229
-2197
316
1736
-1334
-6928
1287
4555
-9951
-6526
2382
-2742
7830
6415
1382
-2165
8517
80
548
5239
1532
7197
8144
5253
-2285
8757
-302
-3698
2129
6495
8753
-6382
-6395
9522
5351
-711
702
1585
7863
-772
-2269
-6606
-2600
8607
-5094
5469
481
7794
-7917
2190
4141
-8273
8334
8699
7850
3391
-7975
-7026
-526
1028
493
-453
2802
-4814
-696
3353
3645
-3401
1614
-8131
9141
1481
-8635
6876
-5019
5557
2717
-1892
9203
9479
4088
5413
2343
2973
-2845
-8466
-7689
-1791
4654
4239
-6190
9733
2196
9688
4924
-2436
2632
-2997
-2425
7283
-802
4818
4090
-2327
-5570
7751
2500
7371
6316
-6127
-1646
2963
5777
-3872
6520
6561
-2426
9587
4091
-9277
7634
6268
-7614
-6651
4848
7282
-9912
6780
-8445
2756
-6403
-9164
-1964
6637
-7459
-9016
2294
-1062
-6688
8812
5131
4541
4470
-7785
2745
6624
9049
950
696
-1646
7522
4394
-8549
-7477
-7334
-6342
-7782
-6364
6003
-2551
5533
-9395
-9022
3476
3697
-8209
-5802
7911
-1237
4231
4511
-7552
-2128
-1174
7378
7570
-6701
-2753
-617
624
6126
1593
6742
-377
-8098
5380
1064
8246
-6093
944
7502
6842
-3688
9515
7977
883
1403
-3059
-3440
3114
-666
7082
-5826
8929
-7323
-6726
-4506
-9146
4359
-6579
-4087
-6839
4262
9006
-8966
-8362
-6493
2799
-7940
3920
1876
-257
-8782
3208
7894
2348
-2161
-9478
7975
5371
1355
9386
1240
1238
-5763
1114
-7225
-1695
-7937
-3443
5435
-4685
9356
5541
-4262
-5652
-859
-3163
7175
-1252
3852
-6160
-490
7803
2399
4982
3494
1147
2772
-9782
-3952
2008
403
7245
9264
-3252
-4887
-1705
-1095
-5948
8218
7432
3704
-5105
9629
-2191
-2841
3877
-9657
-5641
1129
-7113
-9613
-3301
-8013
4185
-3826
-482
-8316
634
-5975
-5171
-2152
3038
-2308
6173
-8719
-9527
8774
2816
-866
-7514
5472
2792
-5900
9588
6768
-4985
332
8393
8100
3464
-4584
5890
-7655
7162
6942
-6707
-33
4003
-2932
8017
8712
-9449
-1830
8681
-6319
1849
4869
-7959
7294
-758
9146
1775
-685
-321
-4053
2195
-8824
-6352
-9552
419
4903
6642
-5954
2364
-2396
3131
-94
4521
-3215
4915
1448
-6312
-8309
-5457
1083
1961
-5918
-4740
-9397
-4814
-7854
-4739
774
-5697
-5000
-728
-3777
-8317
-1554
7245
-331
-8373
1905
-5199
5030
-2965
-4380
5847
2373
8321
5490
285
626
-998
6932
-5910
-6655
-7151
-8135
451
-9225
-5870
-4046
4387
5936
5533
-7566
-3517
4568
-2693
-9780
5536
-997
3163
5713
-9032
8702
-2107
-4275
1786
3361
-9359
-9801
2310
4882
-6237
8383
-9632
4040
-782
-4301
7760
-8638
-6826
3768
-9556
-5950
5866
-1435
6068
3984
-6597
-295
4712
7759
72
4182
7560
2783
6098
4554
2149
5738
-4069
-591
805
5622
-6412
686
4254
2864
3129
-3036
-7404
2606
-3235
-3479
-9508
4640
-2678
4027
-6299
-7049
2408
245
-6990
5418
559
-4556
-6752
4452
-6699
-8931
1805
3071
-3854
-8544
7106
9991
-5475
4237
7130
8464
8978
3158
9732
4310
597
-1944
7155
9418
-4226
-7986
-347
-2499
5616
-5580
8007
9999
9645
-1054
8652
8793
4408
-1278
-9591
-2512
9023
8379
8748
-1320
1297
-4757
-8122
-3009
-7553
337
2175
7488
5140
-63
7263
9745
-4927
-2484
-7725
-5762
-7364
9397
5906
-8036
-6049
6694
-1922
-8414
-7302
5834
6821
3673
2930
1256
5543
-3733
2226
-6656
3109
-3609
9514
2062
-5282
5717
8181
-2665
-4597
-5273
5866
-4474
-7351
1092
-6866
3493
2761
-5237
-5153
-3587
6325
-6078
8885
7859
1084
-6223
4000
-9867
-7369
4161
8373
5147
-7074
1867
7652
1677
2056
-8999
-7972
-3358
3921
2522
53
4530
3447
943
-2730
-6405
6825
-9249
-7486
761
3050
-8416
-2561
-7579
-2146
1675
-8166
599
-3206
4595
-91
1917
1653
-8188
3448
-1613
-4428
-5285
639
-2217
5355
4812
-8193
-7555
2640
6339
7245
-5671
9964
-7445
887
-8707
9508
7408
-8989
-7545
-1785
3340
675
-945
-3151
5043
-2440
-4944
-7784
3003
-5363
3968
-4200
-1132
9670
-2888
-1793
6455
-29
-8946
3386
1450
-9140
-4488
2490
4105
4976
-8457
1532
-8547
7300
6916
-6553
3963
-264
-467
-7724
4706
5235
466
-8528
-5771
1252
-4757
-5493
-7276
4013
7548
8802
4148
9563
-1520
-319
7255
-1548
-2575
-8994
-2032
-6980
-6936
7827
-1843
-2335
-4972
-8059
5041
6091
3264
3242
-7930
-9869
-245
-6533
4522
560
1625
-258
580
-1769
6199
-6899
-348
7967
-4113
-56
3043
-3399
-9792
3671
-8275
812
-2485
-9894
-1690
-9733
-4656
2417
-1936
2009
4157
-2506
2495
-6790
-2959
9819
1588
-535
-1870
5775
-43
-206
3182
4601
-1823
4557
-6618
9367
2418
-6387
-2002
-4632
1270
-2813
-1068
-4871
8830
5763
-3192
-8801
1946
2706
1803
-5262
-9387
-1650
6271
-3138
-4696
5658
9702
9878
3739
-4419
-3131
-6657
-1773
7632
-4221
8378
-1149
-1859
5226
-2318
-7828
-9657
-5055
-133
4219
-7571
-9814
-2394
5070
-5279
9873
6745
5103
9522
4892
4768
8048
6516
1723
-4129
6041
6427
-5967
4353
467
-9044
-613
-653
8566
1253
-8669
5156
-6796
-3842
1921
-5614
6730
1866
-5047
9213
-1581
2268
-2365
1756
-605
6201
7114
-256
3340
-5686
9118
6112
2807
-2258
5760
6485
4969
2498
-2304
-663
4198
-1467
8512
-2128
927
-7052
8838
-3328
-1356
-4694
4489
3014
8124
-8537
3017
3945
9160
8099
6247
-1467
-4280
-6867
1710
-2977
4004
-420
-8535
-9834
839
8794
4541
6724
9792
-6729
-5910
-5609
-6395
-7863
7506
6497
8925
9722
9765
-8295
-372
-6571
7775
-8086
8083
3201
-5301
1190
6240
-4785
-8260
3943
-4247
1429
-1031
2997
2784
123
-6687
-4953
-5761
3849
-2285
-8700
5065
-1422
-8611
8594
-3669
5857
2235
-4003
-8125
9960
-2874
-3255
4599
8303
-8429
-7138
2686
-6141
-3410
2152
2897
-8707
4347
-9204
-9630
2447
7808
-1622
-2141
9857
9870
5794
4640
-1023
6862
-2510
1732
4039
5419
-5242
-4309
-4041
-4866
1198
-1625
2945
-7555
-4827
-7756
3007
604
-3256
3399
-9793
1002
4313
-9328
-7280
9505
2578
-2124
-6136
4572
-2665
6780
8004
5005
-186
2977
-3400
7965
-4932
-6419
9054
-7815
-9856
8147
1241
6494
-5718
9844
6592
8118
-901
-2294
-4789
-1345
-8083
3268
9158
2803
-9018
-6742
9772
6290
9259
7465
-5101
6393
6613
7783
4512
8672
-2776
-8660
8441
-7329
-4754
7728
1401
-4556
-3322
2839
-3222
4248
-6646
-1249
-1681
-6543
9367
-2763
-3348
-3758
1287
4051
8850
-5007
9202
5769
3558
3531
-2387
-2786
8580
8128
-3714
4316
4798
6478
916
414
-4677
-1741
-1678
6170
-9116
4438
4051
2239
2132
-7370
6717
271
2003
4242
-560
3468
1029
-5482
6527
7419
8622
-921
9080
-3850
7012
-6034
7734
9678
287
-7389
-4214
6721
-5757
-8901
-7590
7708
4882
-7370
-1368
-753
6626
-5904
-8109
9845
8681
3880
-1626
2140
-9355
-3305
5563
2593
-1344
-5457
-6002
8462
-9175
1959
-7979
-97
-3642
-3884
9349
-8661
-1475
9826
8589
8351
-385
7072
2278
-276
7002
-2375
10
6641
-4210
-5558
-6150
-6352
-2053
9284
-1810
-2243
8474
7130
8725
1407
9665
6646
-6545
5558
3516
-5515
-5644
2775
9458
6624
-7447
3595
931
3260
4416
-6138
-329
3618
5269
3755
-5275
5043
9168
-2498
-7064
5516
3186
-4908
5825
310
-3173
8504
-5579
7932
1818
-9585
-7412
-777
-2229
-7087
-137
-4739
5332
1818
4485
-5350
6897
344
4341
-9230
-662
2711
-8520
-1137
-6133
-8760
647
-5137
6073
-6814
-671
-415
1665
9938
-7336
5365
-3949
5176
-1845
8385
3198
9401
1386
-2783
-2073
-7024
-2250
4549
617
-3141
-8162
-3420
-7614
-3635
5117
-1647
5778
-9995
-1599
1562
-6338
1027
3906
316
-246
1775
1946
6470
-1765
-9136
4415
9850
5429
7423
-597
-6910
7381
-599
-7967
-7295
-7878
1109
8630
2057
-8691
-2769
-9446
1078
-9104
-1104
-2226
4141
8438
-5188
4293
-8395
-3415
9786
-5655
-2526
-1428
-5406
4115
-5388
-4221
-3253
-3272
-2484
348
1679
6951
-4942
-8743
-7950
-2651
2856
-7107
-6037
-8564
-5932
-4367
6204
-2010
5787
-9416
-2569
-9089
9804
147
-2963
-600
-5571
-6957
6465
-3892
3582
110
-2958
-3971
1043
7138
1396
2783
-7225
2351
-3976
-3673
3160
-4970
-5179
2680
4187
4413
-9399
-1796
7956
6800
-3436
-1402
4422
-3569
-9343
-6326
3255
-6601
1174
6928
-1466
-8692
-6416
-7091
337
-6697
-3690
-9486
-2811
-245
680
5859
-1900
8948
-3709
4832
5162
8992
-6062
7353
3253
2101
-3399
1043
-8999
8108
7815
-3514
736
760
-9638
1908
-112
1854
6901
-8761
1746
7782
-1506
-6723
5533
-1719
-4625
3941
3002
8334
4871
3272
-9761
-3339
-8423
-7478
3958
-1653
6643
-3555
-7487
1811
-252
5012
4883
4504
-5541
8681
8687
-471
7585
-595
7501
-875
2782
8440
8810
-2309
2292
-7628
4461
9331
3401
236
7249
-7712
-5696
-9017
-1413
1684
8460
-4398
-9796
-1528
-3289
-9984
9880
3115
6204
8417
-4971
-7556
5274
-6015
7894
6472
-6727
3238
-3564
-5241
8934
-1843
-1137
4283
7474
-9730
-1267
7405
-9068
4234
3432
8377
-1178
-9102
5513
-9379
9662
-33
-7847
-8532
841
4817
-7038
314
9801
-8342
3936
96
475
9151
2570
-1896
7933
2762
-1530
-7097
1677
-3469
949
-7985
-2089
-9625
2846
5020
-2691
998
-7548
-3653
5389
-6766
5651
1594
-9867
6643
239
-5612
9634
-1934
3196
4448
-1327
2386
3960
7195
1471
1630
-1890
4279
4891
-9309
-7860
-4933
-7897
-8909
-8809
-5872
-8672
1608
8442
1037
-2318
8760
6176
-3144
1690
-9711
-282
7413
-9514
-3355
5320
7251
7735
8520
237
4051
8679
-7035
-851
6016
6609
-3721
-862
5528
2279
9700
4451
7851
-8912
841
-3256
5926
-6792
4919
3071
-7358
-3754
8118
-5402
2597
3676
4249
647
-2423
4642
7671
-6279
7903
-2027
-6700
927
-5893
311
-4184
4628
3498
-6551
-1577
3172
1194
2491
-4934
9587
5217
-3205
-1568
-8946
-9989
7605
-9037
-9383
9499
375
-5721
4168
-4134
6662
-7589
9496
-9446
9381
-9006
6031
9130
-6015
2930
5385
7787
8648
1146
-6820
-9104
7723
7287
6820
-7667
-8114
-102
-9778
1785
683
-4399
-5535
5889
298
-2396
1702
8155
4439
1032
-332
5499
-4858
-4474
-9622
-4279
-5114
-4308
9216
-5701
-3851
3434
-2078
-347
5787
-5279
-1513
-8809
-6772
-5929
-9463
-1864
1621
-2267
-3676
-2003
-6816
4704
-5135
-893
1052
1206
4136
-7671
-3628
5451
-9274
2636
-5985
1632
-3616
9407
-471
3161
4548
-5741
4929
-1379
-4695
-6235
6975
2930
1557
6872
-5941
8296
4596
-3752
6631
-8610
-4823
-1942
6855
-1631
1118
-68
6464
-314
-1463
8481
-8583
1393
-9402
-222
-6607
-1620
-3149
-5886
4906
9391
-8305
-6559
-6184
-3678
-5460
-3563
-8591
4411
-8108
-3898
-6405
1745
-7014
-8943
4891
-5645
7185
-9991
432
3890
8323
530
-5901
-1039
8006
8978
-7851
-7696
-5952
7356
5482
-4689
7933
2249
-8220
6299
-3360
3377
-426
8261
-3964
-141
-2932
-846
-3417
-8313
-2857
7485
3506
7562
2740
-4297
5508
-4168
-6224
6987
-96
-3790
-3868
-3787
-2528
7748
6706
-2071
3252
-1609
854
-7003
4481
-7358
8379
7029
2831
-4774
-5033
-7390
-3050
-5340
-4974
9388
4232
-5161
5517
-9939
-4185
-6353
-307
257
-8060
-8555
-3520
7173
6653
7397
3472
3398
6426
7136
-4520
-5530
3585
6692
-5829
-3580
-4236
-5409
-8873
9882
2556
-3160
-6863
7848
-8701
-7015
5270
-596
5681
895
6250
6416
689
3587
6792
1154
-4137
-9313
5085
-5900
5341
-7463
-7536
7643
3673
6084
-8180
2588
7417
-5382
9024
9265
2841
-5978
3860
-9075
2400
5564
4957
6488
-6760
-3462
-2001
4677
2695
-1206
-2840
-1721
7944
-112
9952
6754
4297
7747
-9656
1435
-3004
5048
9685
6296
-1953
8760
-9463
7919
-2848
-7427
-9388
-9157

3589
4757
-9669
3311
-5845
-9097
-2649
9634
9686
-4774
100
2680
-5895
-3974
5985
-2839
-2972
8231
3381
-9560
9771
-4207
-5701
-9907
-4651
4125
7343
-8416
3740
5076
3541
9670
-3103
-3862
-3359
-1149
3567
6861
8417
-3178
2925
8011
7109
1388
-3555
7376
4622
-5024
4635
-6588
4997
-4866
1147
-1832
2543
-9488
-631
-643
8612
-215
6458
-7582
4037
9608
-3255
-2912
2514
5810
-5872
4640
-9967
-7041
-6888
-1739
-7634
8916
6198
-8577
2912
-1072
7012
2366
-9921
-212
6669
-3536
7092
685
4730
-8680
4428
7213
5047
6060
-7303
7516
-5679
-4143
-7738
-2883
10000
4422
-9427
-6931
-3940
-7932
-3229
-2197
316
1736
-1334
-6928
1287
4555
-9951
-6526
2382
-2742
7830
6415
1382
-2165
8517
80
548
5239
1532
7197
8144
5253
-2285
8757
-302
-3698
2129
6495
8753
-6382
-6395
9522
5351
-711
702
1585
7863
-772
-2269
-6606
-2600
8607
-5094
5469
481
7794
-7917
2190
4141
-8273
8334
8699
7850
3391
-7975
-7026
-526
1028
493
-453
2802
-4814
-696
3353
3645
-3401
1614
-8131
9141
1481
-8635
6876
-5019
5557
2717
-1892
9203
9479
4088
5413
2343
2973
-2845
-8466
-7689
-1791
4654
4239
-6190
9733
2196
9688
4924
-2436
2632
-2997
-2425
7283
-802
4818
4090
-2327
-5570
7751
2500
7371
6316
-6127
-1646
2963
5777
-3872
6520
6561
-2426
9587
4091
-9277
7634
6268
-7614
-6651
4848
7282
-9912
6780
-8445
2756
-6403
-9164
-1964
6637
-7459
-9016
2294
-1062
-6688
8812
5131
4541
4470
-7785
2745
6624
9049
950
696
-1646
7522
4394
-8549
-7477
-7334
-6342
-7782
-6364
6003
-2551
5533
-9395
-9022
3476
3697
-8209
-5802
7911
-1237
4231
4511
-7552
-2128
-1174
7378
7570
-6701
-2753
-617
624
6126
1593
6742
-377
-8098
5380
1064
8246
-6093
944
7502
6842
-3688
9515
7977
883
1403
-3059
-3440
3114
-666
7082
-5826
8929
-7323
-6726
-4506
-9146
4359
-6579
-4087
-6839
4262
9006
-8966
-8362
-6493
2799
-7940
3920
1876
-257
-8782
3208
7894
2348
-2161
-9478
7975
5371
1355
9386
1240
1238
-5763
1114
-7225
-1695
-7937
-3443
5435
-4685
9356
5541
-4262
-5652
-859
-3163
7175
-1252
3852
-6160
-490
7803
2399
4982
3494
1147
2772
-9782
-3952
2008
403
7245
9264
-3252
-4887
-1705
-1095
-5948
8218
7432
3704
-5105
9629
-2191
-2841
3877
-9657
-5641
1129
-7113
-9613
-3301
-8013
4185
-3826
-482
-8316
634
-5975
-5171
-2152
3038
-2308
6173
-8719
-9527
8774
2816
-866
-7514
5472
2792
-5900
9588
6768
-4985
332
8393
8100
3464
-4584
5890
-7655
7162
6942
-6707
-33
4003
-2932
8017
8712
-9449
-1830
8681
-6319
1849
4869
-7959
7294
-758
9146
1775
-685
-321
-4053
2195
-8824
-6352
-9552
419
4903
6642
-5954
2364
-2396
3131
-94
4521
-3215
4915
1448
-6312
-8309
-5457
1083
1961
-5918
-4740
-9397
-4814
-7854
-4739
774
-5697
-5000
-728
-3777
-8317
-1554
7245
-331
-8373
1905
-5199
5030
-2965
-4380
5847
2373
8321
5490
285
626
-998
6932
-5910
-6655
-7151
-8135
451
-9225
-5870
-4046
4387
5936
5533
-7566
-3517
4568
-2693
-9780
5536
-997
3163
5713
-9032
8702
-2107
-4275
1786
3361
-9359
-9801
2310
4882
-6237
8383
-9632
4040
-782
-4301
7760
-8638
-6826
3768
-9556
-5950
5866
-1435
6068
3984
-6597
-295
4712
7759
72
4182
7560
2783
6098
4554
2149
5738
-4069
-591
805
5622
-6412
686
4254
2864
3129
-3036
-7404
2606
-3235
-3479
-9508
4640
-2678
4027
-6299
-7049
2408
245
-6990
5418
559
-4556
-6752
4452
-6699
-8931
1805
3071
-3854
-8544
7106
9991
-5475
4237
7130
8464
8978
3158
9732
4310
597
-1944
7155
9418
-4226
-7986
-347
-2499
5616
-5580
8007
9999
9645
-1054
8652
8793
4408
-1278
-9591
-2512
9023
8379
8748
-1320
1297
-4757
-8122
-3009
-7553
337
2175
7488
5140
-63
7263
9745
-4927
-2484
-7725
-5762
-7364
9397
5906
-8036
-6049
6694
-1922
-8414
-7302
5834
6821
3673
2930
1256
5543
-3733
2226
-6656
3109
-3609
9514
2062
-5282
5717
8181
-2665
-4597
-5273
5866
-4474
-7351
1092
-6866
3493
2761
-5237
-5153
-3587
6325
-6078
8885
7859
1084
-6223
4000
-9867
-7369
4161
8373
5147
-7074
1867
7652
1677
2056
-8999
-7972
-3358
3921
2522
53
4530
3447
943
-2730
-6405
6825
-9249
-7486
761
3050
-8416
-2561
-7579
-2146
1675
-8166
599
-3206
4595
-91
1917
1653
-8188
3448
-1613
-4428
-5285
639
-2217
5355
4812
-8193
-7555
2640
6339
7245
-5671
9964
-7445
887
-8707
9508
7408
-8989
-7545
-1785
3340
675
-945
-3151
5043
-2440
-4944
-7784
3003
-5363
3968
-4200
-1132
9670
-2888
-1793
6455
-29
-8946
3386
1450
-9140
-4488
2490
4105
4976
-8457
1532
-8547
7300
6916
-6553
3963
-264
-467
-7724
4706
5235
466
-8528
-5771
1252
-4757
-5493
-7276
4013
7548
8802
4148
9563
-1520
-319
7255
-1548
-2575
-8994
-2032
-6980
-6936
7827
-1843
-2335
-4972
-8059
5041
6091
3264
3242
-7930
-9869
-245
-6533
4522
560
1625
-258
580
-1769
6199
-6899
-348
7967
-4113
-56
3043
-3399
-9792
3671
-8275
812
-2485
-9894
-1690
-9733
-4656
2417
-1936
2009
4157
-2506
2495
-6790
-2959
9819
1588
-535
-1870
5775
-43
-206
3182
4601
-1823
4557
-6618
9367
2418
-6387
-2002
-4632
1270
-2813
-1068
-4871
8830
5763
-3192
-8801
1946
2706
1803
-5262
-9387
-1650
6271
-3138
-4696
5658
9702
9878
3739
-4419
-3131
-6657
-1773
7632
-4221
8378
-1149
-1859
5226
-2318
-7828
-9657
-5055
-133
4219
-7571
-9814
-2394
5070
-5279
9873
6745
5103
9522
4892
4768
8048
6516
1723
-4129
6041
6427
-5967
4353
467
-9044
-613
-653
8566
1253
-8669
5156
-6796
-3842
1921
-5614
6730
1866
-5047
9213
-1581
2268
-2365
1756
-605
6201
7114
-256
3340
-5686
9118
6112
2807
-2258
5760
6485
4969
2498
-2304
-663
4198
-1467
8512
-2128
927
-7052
8838
-3328
-1356
-4694
4489
3014
8124
-8537
3017
3945
9160
8099
6247
-1467
-4280
-6867
1710
-2977
4004
-420
-8535
-9834
839
8794
4541
6724
9792
-6729
-5910
-5609
-6395
-7863
7506
6497
8925
9722
9765
-8295
-372
-6571
7775
-8086
8083
3201
-5301
1190
6240
-4785
-8260
3943
-4247
1429
-1031
2997
2784
123
-6687
-4953
-5761
3849
-2285
-8700
5065
-1422
-8611
8594
-3669
5857
2235
-4003
-8125
9960
-2874
-3255
4599
8303
-8429
-7138
2686
-6141
-3410
2152
2897
-8707
4347
-9204
-9630
2447
7808
-1622
-2141
9857
9870
5794
4640
-1023
6862
-2510
1732
4039
5419
-5242
-4309
-4041
-4866
1198
-1625
2945
-7555
-4827
-7756
3007
604
-3256
3399
-9793
1002
4313
-9328
-7280
9505
2578
-2124
-6136
4572
-2665
6780
8004
5005
-186
2977
-3400
7965
-4932
-6419
9054
-7815
-9856
8147
1241
6494
-5718
9844
6592
8118
-901
-2294
-4789
-1345
-8083
3268
9158
2803
-9018
-6742
9772
6290
9259
7465
-5101
6393
6613
7783
4512
8672
-2776
-8660
8441
-7329
-4754
7728
1401
-4556
-3322
2839
-3222
4248
-6646
-1249
-1681
-6543
9367
-2763
-3348
-3758
1287
4051
8850
-5007
9202
5769
3558
3531
-2387
-2786
8580
8128
-3714
4316
4798
6478
916
414
-4677
-1741
-1678
6170
-9116
4438
4051
2239
2132
-7370
6717
271
2003
4242
-560
3468
1029
-5482
6527
7419
8622
-921
9080
-3850
7012
-6034
7734
9678
287
-7389
-4214
6721
-5757
-8901
-7590
7708
4882
-7370
-1368
-753
6626
-5904
-8109
9845
8681
3880
-1626
2140
-9355
-3305
5563
2593
-1344
-5457
-6002
8462
-9175
1959
-7979
-97
-3642
-3884
9349
-8661
-1475
9826
8589
8351
-385
7072
2278
-276
7002
-2375
10
6641
-4210
-5558
-6150
-6352
-2053
9284
-1810
-2243
8474
7130
8725
1407
9665
6646
-6545
5558
3516
-5515
-5644
2775
9458
6624
-7447
3595
931
3260
4416
-6138
-329
3618
5269
3755
-5275
5043
9168
-2498
-7064
5516
3186
-4908
5825
310
-3173
8504
-5579
7932
1818
-9585
-7412
-777
-2229
-7087
-137
-4739
5332
1818
4485
-5350
6897
344
4341
-9230
-662
2711
-8520
-1137
-6133
-8760
647
-5137
6073
-6814
-671
-415
1665
9938
-7336
5365
-3949
5176
-1845
8385
3198
9401
1386
-2783
-2073
-7024
-2250
4549
617
-3141
-8162
-3420
-7614
-3635
5117
-1647
5778
-9995
-1599
1562
-6338
1027
3906
316
-246
1775
1946
6470
-1765
-9136
4415
9850
5429
7423
-597
-6910
7381
-599
-7967
-7295
-7878
1109
8630
2057
-8691
-2769
-9446
1078
-9104
-1104
-2226
4141
8438
-5188
4293
-8395
-3415
9786
-5655
-2526
-1428
-5406
4115
-5388
-4221
-3253
-3272
-2484
348
1679
6951
-4942
-8743
-7950
-2651
2856
-7107
-6037
-8564
-5932
-4367
6204
-2010
5787
-9416
-2569
-9089
9804
147
-2963
-600
-5571
-6957
6465
-3892
3582
110
-2958
-3971
1043
7138
1396
2783
-7225
2351
-3976
-3673
3160
-4970
-5179
2680
4187
4413
-9399
-1796
7956
6800
-3436
-1402
4422
-3569
-9343
-6326
3255
-6601
1174
6928
-1466
-8692
-6416
-7091
337
-6697
-3690
-9486
-2811
-245
680
5859
-1900
8948
-3709
4832
5162
8992
-6062
7353
3253
2101
-3399
1043
-8999
8108
7815
-3514
736
760
-9638
1908
-112
1854
6901
-8761
1746
7782
-1506
-6723
5533
-1719
-4625
3941
3002
8334
4871
3272
-9761
-3339
-8423
-7478
3958
-1653
6643
-3555
-7487
1811
-252
5012
4883
4504
-5541
8681
8687
-471
7585
-595
7501
-875
2782
8440
8810
-2309
2292
-7628
4461
9331
3401
236
7249
-7712
-5696
-9017
-1413
1684
8460
-4398
-9796
-1528
-3289
-9984
9880
3115
6204
8417
-4971
-7556
5274
-6015
7894
6472
-6727
3238
-3564
-5241
8934
-1843
-1137
4283
7474
-9730
-1267
7405
-9068
4234
3432
8377
-1178
-9102
5513
-9379
9662
-33
-7847
-8532
841
4817
-7038
314
9801
-8342
3936
96
475
9151
2570
-1896
7933
2762
-1530
-7097
1677
-3469
949
-7985
-2089
-9625
2846
5020
-2691
998
-7548
-3653
5389
-6766
5651
1594
-9867
6643
239
-5612
9634
-1934
3196
4448
-1327
2386
3960
7195
1471
1630
-1890
4279
4891
-9309
-7860
-4933
-7897
-8909
-8809
-5872
-8672
1608
8442
1037
-2318
8760
6176
-3144
1690
-9711
-282
7413
-9514
-3355
5320
7251
7735
8520
237
4051
8679
-7035
-851
6016
6609
-3721
-862
5528
2279
9700
4451
7851
-8912
841
-3256
5926
-6792
4919
3071
-7358
-3754
8118
-5402
2597
3676
4249
647
-2423
4642
7671
-6279
7903
-2027
-6700
927
-5893
311
-4184
4628
3498
-6551
-1577
3172
1194
2491
-4934
9587
5217
-3205
-1568
-8946
-9989
7605
-9037
-9383
9499
375
-5721
4168
-4134
6662
-7589
9496
-9446
9381
-9006
6031
9130
-6015
2930
5385
7787
8648
1146
-6820
-9104
7723
7287
6820
-7667
-8114
-102
-9778
1785
683
-4399
-5535
5889
298
-2396
1702
8155
4439
1032
-332
5499
-4858
-4474
-9622
-4279
-5114
-4308
9216
-5701
-3851
3434
-2078
-347
5787
-5279
-1513
-8809
-6772
-5929
-9463
-1864
1621
-2267
-3676
-2003
-6816
4704
-5135
-893
1052
1206
4136
-7671
-3628
5451
-9274
2636
-5985
1632
-3616
9407
-471
3161
4548
-5741
4929
-1379
-4695
-6235
6975
2930
1557
6872
-5941
8296
4596
-3752
6631
-8610
-4823
-1942
6855
-1631
1118
-68
6464
-314
-1463
8481
-8583
1393
-9402
-222
-6607
-1620
-3149
-5886
4906
9391
-8305
-6559
-6184
-3678
-5460
-3563
-8591
4411
-8108
-3898
-6405
1745
-7014
-8943
4891
-5645
7185
-9991
432
3890
8323
530
-5901
-1039
8006
8978
-7851
-7696
-5952
7356
5482
-4689
7933
2249
-8220
6299
-3360
3377
-426
8261
-3964
-141
-2932
-846
-3417
-8313
-2857
7485
3506
7562
2740
-4297
5508
-4168
-6224
6987
-96
-3790
-3868
-3787
-2528
7748
6706
-2071
3252
-1609
854
-7003
4481
-7358
8379
7029
2831
-4774
-5033
-7390
-3050
-5340
-4974
9388
4232
-5161
5517
-9939
-4185
-6353
-307
257
-8060
-8555
-3520
7173
6653
7397
3472
3398
6426
7136
-4520
-5530
3585
6692
-5829
-3580
-4236
-5409
-8873
9882
2556
-3160
-6863
7848
-8701
-7015
5270
-596
5681
895
6250
6416
689
3587
6792
1154
-4137
-9313
5085
-5900
5341
-7463
-7536
7643
3673
6084
-8180
2588
7417
-5382
9024
9265
2841
-5978
3860
-9075
2400
5564
4957
6488
-6760
-3462
-2001
4677
2695
-1206
-2840
-1721
7944
-112
9952
6754
4297
7747
-9656
1435
-3004
5048
9685
6296
-1953
8760
-9463
7919
-2848
-7427
-9388
-9157

3589
4757
-9669
3311
-5845
-9097
-2649
9634
9686
-4774
100
2680
-5895
-3974
5985
-2839
-2972
8231
3381
-9560
9771
-4207
-5701
-9907
-4651
4125
7343
-8416
3740
5076
3541
9670
-3103
-3862
-3359
-1149
3567
6861
8417
-3178
2925
8011
7109
1388
-3555
7376
4622
-5024
4635
-6588
4997
-4866
1147
-1832
2543
-9488
-631
-643
8612
-215
6458
-7582
4037
9608
-3255
-2912
2514
5810
-5872
4640
-9967
-7041
-6888
-1739
-7634
8916
6198
-8577
2912
-1072
7012
2366
-9921
-212
6669
-3536
7092
685
4730
-8680
4428
7213
5047
6060
-7303
7516
-5679
-4143
-7738
-2883
10000
4422
-9427
-6931
-3940
-7932
-3229
-2197
316
1736
-1334
-6928
1287
4555
-9951
-6526
2382
-2742
7830
6415
1382
-2165
8517
80
548
5239
1532
7197
8144
5253
-2285
8757
-302
-3698
2129
6495
8753
-6382
-6395
9522
5351
-711
702
1585
7863
-772
-2269
-6606
-2600
8607
-5094
5469
481
7794
-7917
2190
4141
-8273
8334
8699
7850
3391
-7975
-7026
-526
1028
493
-453
2802
-4814
-696
3353
3645
-3401
1614
-8131
9141
1481
-8635
6876
-5019
5557
2717
-1892
9203
9479
4088
5413
2343
2973
-2845
-8466
-7689
-1791
4654
4239
-6190
9733
2196
9688
4924
-2436
2632
-2997
-2425
7283
-802
4818
4090
-2327
-5570
7751
2500
7371
6316
-6127
-1646
2963
5777
-3872
6520
6561
-2426
9587
4091
-9277
7634
6268
-7614
-6651
4848
7282
-9912
6780
-8445
2756
-6403
-9164
-1964
6637
-7459
-9016
2294
-1062
-6688
8812
5131
4541
4470
-7785
2745
6624
9049
950
696
-1646
7522
4394
-8549
-7477
-7334
-6342
-7782
-6364
6003
-2551
5533
-9395
-9022
3476
3697
-8209
-5802
7911
-1237
4231
4511
-7552
-2128
-1174
7378
7570
-6701
-2753
-617
624
6126
1593
6742
-377
-8098
5380
1064
8246
-6093
944
7502
6842
-3688
9515
7977
883
1403
-3059
-3440
3114
-666
7082
-5826
8929
-7323
-6726
-4506
-9146
4359
-6579
-4087
-6839
4262
9006
-8966
-8362
-6493
2799
-7940
3920
1876
-257
-8782
3208
7894
2348
-2161
-9478
7975
5371
1355
9386
1240
1238
-5763
1114
-7225
-1695
-7937
-3443
5435
-4685
9356
5541
-4262
-5652
-859
-3163
7175
-1252
3852
-6160
-490
7803
2399
4982
3494
1147
2772
-9782
-3952
2008
403
7245
9264
-3252
-4887
-1705
-1095
-5948
8218
7432
3704
-5105
9629
-2191
-2841
3877
-9657
-5641
1129
-7113
-9613
-3301
-8013
4185
-3826
-482
-8316
634
-5975
-5171
-2152
3038
-2308
6173
-8719
-9527
8774
2816
-866
-7514
5472
2792
-5900
9588
6768
-4985
332
8393
8100
3464
-4584
5890
-7655
7162
6942
-6707
-33
4003
-2932
8017
8712
-9449
-1830
8681
-6319
1849
4869
-7959
7294
-758
9146
1775
-685
-321
-4053
2195
-8824
-6352
-9552
419
4903
6642
-5954
2364
-2396
3131
-94
4521
-3215
4915
1448
-6312
-8309
-5457
1083
1961
-5918
-4740
-9397
-4814
-7854
-4739
774
-5697
-5000
-728
-3777
-8317
-1554
7245
-331
-8373
1905
-5199
5030
-2965
-4380
5847
2373
8321
5490
285
626
-998
6932
-5910
-6655
-7151
-8135
451
-9225
-5870
-4046
4387
5936
5533
-7566
-3517
4568
-2693
-9780
5536
-997
3163
5713
-9032
8702
-2107
-4275
1786
3361
-9359
-9801
2310
4882
-6237
8383
-9632
4040
-782
-4301
7760
-8638
-6826
3768
-9556
-5950
5866
-1435
6068
3984
-6597
-295
4712
7759
72
4182
7560
2783
6098
4554
2149
5738
-4069
-591
805
5622
-6412
686
4254
2864
3129
-3036
-7404
2606
-3235
-3479
-9508
4640
-2678
4027
-6299
-7049
2408
245
-6990
5418
559
-4556
-6752
4452
-6699
-8931
1805
3071
-3854
-8544
7106
9991
-5475
4237
7130
8464
8978
3158
9732
4310
597
-1944
7155
9418
-4226
-7986
-347
-2499
5616
-5580
8007
9999
9645
-1054
8652
8793
4408
-1278
-9591
-2512
9023
8379
8748
-1320
1297
-4757
-8122
-3009
-7553
337
2175
7488
5140
-63
7263
9745
-4927
-2484
-7725
-5762
-7364
9397
5906
-8036
-6049
6694
-1922
-8414
-7302
5834
6821
3673
2930
1256
5543
-3733
2226
-6656
3109
-3609
9514
2062
-5282
5717
8181
-2665
-4597
-5273
5866
-4474
-7351
1092
-6866
3493
2761
-5237
-5153
-3587
6325
-6078
8885
7859
1084
-6223
4000
-9867
-7369
4161
8373
5147
-7074
1867
7652
1677
2056
-8999
-7972
-3358
3921
2522
53
4530
3447
943
-2730
-6405
6825
-9249
-7486
761
3050
-8416
-2561
-7579
-2146
1675
-8166
599
-3206
4595
-91
1917
1653
-8188
3448
-1613
-4428
-5285
639
-2217
5355
4812
-8193
-7555
2640
6339
7245
-5671
9964
-7445
887
-8707
9508
7408
-8989
-7545
-1785
3340
675
-945
-3151
5043
-2440
-4944
-7784
3003
-5363
3968
-4200
-1132
9670
-2888
-1793
6455
-29
-8946
3386
1450
-9140
-4488
2490
4105
4976
-8457
1532
-8547
7300
6916
-6553
3963
-264
-467
-7724
4706
5235
466
-8528
-5771
1252
-4757
-5493
-7276
4013
7548
8802
4148
9563
-1520
-319
7255
-1548
-2575
-8994
-2032
-6980
-6936
7827
-1843
-2335
-4972
-8059
5041
6091
3264
3242
-7930
-9869
-245
-6533
4522
560
1625
-258
580
-1769
6199
-6899
-348
7967
-4113
-56
3043
-3399
-9792
3671
-8275
812
-2485
-9894
-1690
-9733
-4656
2417
-1936
2009
4157
-2506
2495
-6790
-2959
9819
1588
-535
-1870
5775
-43
-206
3182
4601
-1823
4557
-6618
9367
2418
-6387
-2002
-4632
1270
-2813
-1068
-4871
8830
5763
-3192
-8801
1946
2706
1803
-5262
-9387
-1650
6271
-3138
-4696
5658
9702
9878
3739
-4419
-3131
-6657
-1773
7632
-4221
8378
-1149
-1859
5226
-2318
-7828
-9657
-5055
-133
4219
-7571
-9814
-2394
5070
-5279
9873
6745
5103
9522
4892
4768
8048
6516
1723
-4129
6041
6427
-5967
4353
467
-9044
-613
-653
8566
1253
-8669
5156
-6796
-3842
1921
-5614
6730
1866
-5047
9213
-1581
2268
-2365
1756
-605
6201
7114
-256
3340
-5686
9118
6112
2807
-2258
5760
6485
4969
2498
-2304
-663
4198
-1467
8512
-2128
927
-7052
8838
-3328
-1356
-4694
4489
3014
8124
-8537
3017
3945
9160
8099
6247
-1467
-4280
-6867
1710
-2977
4004
-420
-8535
-9834
839
8794
4541
6724
9792
-6729
-5910
-5609
-6395
-7863
7506
6497
8925
9722
9765
-8295
-372
-6571
7775
-8086
8083
3201
-5301
1190
6240
-4785
-8260
3943
-4247
1429
-1031
2997
2784
123
-6687
-4953
-5761
3849
-2285
-8700
5065
-1422
-8611
8594
-3669
5857
2235
-4003
-8125
9960
-2874
-3255
4599
8303
-8429
-7138
2686
-6141
-3410
2152
2897
-8707
4347
-9204
-9630
2447
7808
-1622
-2141
9857
9870
5794
4640
-1023
6862
-2510
1732
4039
5419
-5242
-4309
-4041
-4866
1198
-1625
2945
-7555
-4827
-7756
3007
604
-3256
3399
-9793
1002
4313
-9328
-7280
9505
2578
-2124
-6136
4572
-2665
6780
8004
5005
-186
2977
-3400
7965
-4932
-6419
9054
-7815
-9856
8147
1241
6494
-5718
9844
6592
8118
-901
-2294
-4789
-1345
-8083
3268
9158
2803
-9018
-6742
9772
6290
9259
7465
-5101
6393
6613
7783
4512
8672
-2776
-8660
8441
-7329
-4754
7728
1401
-4556
-3322
2839
-3222
4248
-6646
-1249
-1681
-6543
9367
-2763
-3348
-3758
1287
4051
8850
-5007
9202
5769
3558
3531
-2387
-2786
8580
8128
-3714
4316
4798
6478
916
414
-4677
-1741
-1678
6170
-9116
4438
4051
2239
2132
-7370
6717
271
2003
4242
-560
3468
1029
-5482
6527
7419
8622
-921
9080
-3850
7012
-6034
7734
9678
287
-7389
-4214
6721
-5757
-8901
-7590
7708
4882
-7370
-1368
-753
6626
-5904
-8109
9845
8681
3880
-1626
2140
-9355
-3305
5563
2593
-1344
-5457
-6002
8462
-9175
1959
-7979
-97
-3642
-3884
9349
-8661
-1475
9826
8589
8351
-385
7072
2278
-276
7002
-2375
10
6641
-4210
-5558
-6150
-6352
-2053
9284
-1810
-2243
8474
7130
8725
1407
9665
6646
-6545
5558
3516
-5515
-5644
2775
9458
6624
-7447
3595
931
3260
4416
-6138
-329
3618
5269
3755
-5275
5043
9168
-2498
-7064
5516
3186
-4908
5825
310
-3173
8504
-5579
7932
1818
-9585
-7412
-777
-2229
-7087
-137
-4739
5332
1818
4485
-5350
6897
344
4341
-9230
-662
2711
-8520
-1137
-6133
-8760
647
-5137
6073
-6814
-671
-415
1665
9938
-7336
5365
-3949
5176
-1845
8385
3198
9401
1386
-2783
-2073
-7024
-2250
4549
617
-3141
-8162
-3420
-7614
-3635
5117
-1647
5778
-9995
-1599
1562
-6338
1027
3906
316
-246
1775
1946
6470
-1765
-9136
4415
9850
5429
7423
-597
-6910
7381
-599
-7967
-7295
-7878
1109
8630
2057
-8691
-2769
-9446
1078
-9104
-1104
-2226
4141
8438
-5188
4293
-8395
-3415
9786
-5655
-2526
-1428
-5406
4115
-5388
-4221
-3253
-3272
-2484
348
1679
6951
-4942
-8743
-7950
-2651
2856
-7107
-6037
-8564
-5932
-4367
6204
-2010
5787
-9416
-2569
-9089
9804
147
-2963
-600
-5571
-6957
6465
-3892
3582
110
-2958
-3971
1043
7138
1396
2783
-7225
2351
-3976
-3673
3160
-4970
-5179
2680
4187
4413
-9399
-1796
7956
6800
-3436
-1402
4422
-3569
-9343
-6326
3255
-6601
1174
6928
-1466
-8692
-6416
-7091
337
-6697
-3690
-9486
-2811
-245
680
5859
-1900
8948
-3709
4832
5162
8992
-6062
7353
3253
2101
-3399
1043
-8999
8108
7815
-3514
736
760
-9638
1908
-112
1854
6901
-8761
1746
7782
-1506
-6723
5533
-1719
-4625
3941
3002
8334
4871
3272
-9761
-3339
-8423
-7478
3958
-1653
6643
-3555
-7487
1811
-252
5012
4883
4504
-5541
8681
8687
-471
7585
-595
7501
-875
2782
8440
8810
-2309
2292
-7628
4461
9331
3401
236
7249
-7712
-5696
-9017
-1413
1684
8460
-4398
-9796
-1528
-3289
-9984
9880
3115
6204
8417
-4971
-7556
5274
-6015
7894
6472
-6727
3238
-3564
-5241
8934
-1843
-1137
4283
7474
-9730
-1267
7405
-9068
4234
3432
8377
-1178
-9102
5513
-9379
9662
-33
-7847
-8532
841
4817
-7038
314
9801
-8342
3936
96
475
9151
2570
-1896
7933
2762
-1530
-7097
1677
-3469
949
-7985
-2089
-9625
2846
5020
-2691
998
-7548
-3653
5389
-6766
5651
1594
-9867
6643
239
-5612
9634
-1934
3196
4448
-1327
2386
3960
7195
1471
1630
-1890
4279
4891
-9309
-7860
-4933
-7897
-8909
-8809
-5872
-8672
1608
8442
1037
-2318
8760
6176
-3144
1690
-9711
-282
7413
-9514
-3355
5320
7251
7735
8520
237
4051
8679
-7035
-851
6016
6609
-3721
-862
5528
2279
9700
4451
7851
-8912
841
-3256
5926
-6792
4919
3071
-7358
-3754
8118
-5402
2597
3676
4249
647
-2423
4642
7671
-6279
7903
-2027
-6700
927
-5893
311
-4184
4628
3498
-6551
-1577
3172
1194
2491
-4934
9587
5217
-3205
-1568
-8946
-9989
7605
-9037
-9383
9499
375
-5721
4168
-4134
6662
-7589
9496
-9446
9381
-9006
6031
9130
-6015
2930
5385
7787
8648
1146
-6820
-9104
7723
7287
6820
-7667
-8114
-102
-9778
1785
683
-4399
-5535
5889
298
-2396
1702
8155
4439
1032
-332
5499
-4858
-4474
-9622
-4279
-5114
-4308
9216
-5701
-3851
3434
-2078
-347
5787
-5279
-1513
-8809
-6772
-5929
-9463
-1864
1621
-2267
-3676
-2003
-6816
4704
-5135
-893
1052
1206
4136
-7671
-3628
5451
-9274
2636
-5985
1632
-3616
9407
-471
3161
4548
-5741
4929
-1379
-4695
-6235
6975
2930
1557
6872
-5941
8296
4596
-3752
6631
-8610
-4823
-1942
6855
-1631
1118
-68
6464
-314
-1463
8481
-8583
1393
-9402
-222
-6607
-1620
-3149
-5886
4906
9391
-8305
-6559
-6184
-3678
-5460
-3563
-8591
4411
-8108
-3898
-6405
1745
-7014
-8943
4891
-5645
7185
-9991
432
3890
8323
530
-5901
-1039
8006
8978
-7851
-7696
-5952
7356
5482
-4689
7933
2249
-8220
6299
-3360
3377
-426
8261
-3964
-141
-2932
-846
-3417
-8313
-2857
7485
3506
7562
2740
-4297
5508
-4168
-6224
6987
-96
-3790
-3868
-3787
-2528
7748
6706
-2071
3252
-1609
854
-7003
4481
-7358
8379
7029
2831
-4774
-5033
-7390
-3050
-5340
-4974
9388
4232
-5161
5517
-9939
-4185
-6353
-307
257
-8060
-8555
-3520
7173
6653
7397
3472
3398
6426
7136
-4520
-5530
3585
6692
-5829
-3580
-4236
-5409
-8873
9882
2556
-3160
-6863
7848
-8701
-7015
5270
-596
5681
895
6250
6416
689
3587
6792
1154
-4137
-9313
5085
-5900
5341
-7463
-7536
7643
3673
6084
-8180
2588
7417
-5382
9024
9265
2841
-5978
3860
-9075
2400
5564
4957
6488
-6760
-3462
-2001
4677
2695
-1206
-2840
-1721
7944
-112
9952
6754
4297
7747
-9656
1435
-3004
5048
9685
6296
-1953
8760
-9463
7919
-2848
-7427
-9388
-9157

3589
4757
-9669
3311
-5845
-9097
-2649
9634
9686
-4774
100
2680
-5895
-3974
5985
-2839
-2972
8231
3381
-9560
9771
-4207
-5701
-9907
-4651
4125
7343
-8416
3740
5076
3541
9670
-3103
-3862
-3359
-1149
3567
6861
8417
-3178
2925
8011
7109
1388
-3555
7376
4622
-5024
4635
-6588
4997
-4866
1147
-1832
2543
-9488
-631
-643
8612
-215
6458
-7582
4037
9608
-3255
-2912
2514
5810
-5872
4640
-9967
-7041
-6888
-1739
-7634
8916
6198
-8577
2912
-1072
7012
2366
-9921
-212
6669
-3536
7092
685
4730
-8680
4428
7213
5047
6060
-7303
7516
-5679
-4143
-7738
-2883
10000
4422
-9427
-6931
-3940
-7932
-3229
-2197
316
1736
-1334
-6928
1287
4555
-9951
-6526
2382
-2742
7830
6415
1382
-2165
8517
80
548
5239
1532
7197
8144
5253
-2285
8757
-302
-3698
2129
6495
8753
-6382
-6395
9522
5351
-711
702
1585
7863
-772
-2269
-6606
-2600
8607
-5094
5469
481
7794
-7917
2190
4141
-8273
8334
8699
7850
3391
-7975
-7026
-526
1028
493
-453
2802
-4814
-696
3353
3645
-3401
1614
-8131
9141
1481
-8635
6876
-5019
5557
2717
-1892
9203
9479
4088
5413
2343
2973
-2845
-8466
-7689
-1791
4654
4239
-6190
9733
2196
9688
4924
-2436
2632
-2997
-2425
7283
-802
4818
4090
-2327
-5570
7751
2500
7371
6316
-6127
-1646
2963
5777
-3872
6520
6561
-2426
9587
4091
-9277
7634
6268
-7614
-6651
4848
7282
-9912
6780
-8445
2756
-6403
-9164
-1964
6637
-7459
-9016
2294
-1062
-6688
8812
5131
4541
4470
-7785
2745
6624
9049
950
696
-1646
7522
4394
-8549
-7477
-7334
-6342
-7782
-6364
6003
-2551
5533
-9395
-9022
3476
3697
-8209
-5802
7911
-1237
4231
4511
-7552
-2128
-1174
7378
7570
-6701
-2753
-617
624
6126
1593
6742
-377
-8098
5380
1064
8246
-6093
944
7502
6842
-3688
9515
7977
883
1403
-3059
-3440
3114
-666
7082
-5826
8929
-7323
-6726
-4506
-9146
4359
-6579
-4087
-6839
4262
9006
-8966
-8362
-6493
2799
-7940
3920
1876
-257
-8782
3208
7894
2348
-2161
-9478
7975
5371
1355
9386
1240
1238
-5763
1114
-7225
-1695
-7937
-3443
5435
-4685
9356
5541
-4262
-5652
-859
-3163
7175
-1252
3852
-6160
-490
7803
2399
4982
3494
1147
2772
-9782
-3952
2008
403
7245
9264
-3252
-4887
-1705
-1095
-5948
8218
7432
3704
-5105
9629
-2191
-2841
3877
-9657
-5641
1129
-7113
-9613
-3301
-8013
4185
-3826
-482
-8316
634
-5975
-5171
-2152
3038
-2308
6173
-8719
-9527
8774
2816
-866
-7514
5472
2792
-5900
9588
6768
-4985
332
8393
8100
3464
-4584
5890
-7655
7162
6942
-6707
-33
4003
-2932
8017
8712
-9449
-1830
8681
-6319
1849
4869
-7959
7294
-758
9146
1775
-685
-321
-4053
2195
-8824
-6352
-9552
419
4903
6642
-5954
2364
-2396
3131
-94
4521
-3215
4915
1448
-6312
-8309
-5457
1083
1961
-5918
-4740
-9397
-4814
-7854
-4739
774
-5697
-5000
-728
-3777
-8317
-1554
7245
-331
-8373
1905
-5199
5030
-2965
-4380
5847
2373
8321
5490
285
626
-998
6932
-5910
-6655
-7151
-8135
451
-9225
-5870
-4046
4387
5936
5533
-7566
-3517
4568
-2693
-9780
5536
-997
3163
5713
-9032
8702
-2107
-4275
1786
3361
-9359
-9801
2310
4882
-6237
8383
-9632
4040
-782
-4301
7760
-8638
-6826
3768
-9556
-5950
5866
-1435
6068
3984
-6597
-295
4712
7759
72
4182
7560
2783
6098
4554
2149
5738
-4069
-591
805
5622
-6412
686
4254
2864
3129
-3036
-7404
2606
-3235
-3479
-9508
4640
-2678
4027
-6299
-7049
2408
245
-6990
5418
559
-4556
-6752
4452
-6699
-8931
1805
3071
-3854
-8544
7106
9991
-5475
4237
7130
8464
8978
3158
9732
4310
597
-1944
7155
9418
-4226
-7986
-347
-2499
5616
-5580
8007
9999
9645
-1054
8652
8793
4408
-1278
-9591
-2512
9023
8379
8748
-1320
1297
-4757
-8122
-3009
-7553
337
2175
7488
5140
-63
7263
9745
-4927
-2484
-7725
-5762
-7364
9397
5906
-8036
-6049
6694
-1922
-8414
-7302
5834
6821
3673
2930
1256
5543
-3733
2226
-6656
3109
-3609
9514
2062
-5282
5717
8181
-2665
-4597
-5273
5866
-4474
-7351
1092
-6866
3493
2761
-5237
-5153
-3587
6325
-6078
8885
7859
1084
-6223
4000
-9867
-7369
4161
8373
5147
-7074
1867
7652
1677
2056
-8999
-7972
-3358
3921
2522
53
4530
3447
943
-2730
-6405
6825
-9249
-7486
761
3050
-8416
-2561
-7579
-2146
1675
-8166
599
-3206
4595
-91
1917
1653
-8188
3448
-1613
-4428
-5285
639
-2217
5355
4812
-8193
-7555
2640
6339
7245
-5671
9964
-7445
887
-8707
9508
7408
-8989
-7545
-1785
3340
675
-945
-3151
5043
-2440
-4944
-7784
3003
-5363
3968
-4200
-1132
9670
-2888
-1793
6455
-29
-8946
3386
1450
-9140
-4488
2490
4105
4976
-8457
1532
-8547
7300
6916
-6553
3963
-264
-467
-7724
4706
5235
466
-8528
-5771
1252
-4757
-5493
-7276
4013
7548
8802
4148
9563
-1520
-319
7255
-1548
-2575
-8994
-2032
-6980
-6936
7827
-1843
-2335
-4972
-8059
5041
6091
3264
3242
-7930
-9869
-245
-6533
4522
560
1625
-258
580
-1769
6199
-6899
-348
7967
-4113
-56
3043
-3399
-9792
3671
-8275
812
-2485
-9894
-1690
-9733
-4656
2417
-1936
2009
4157
-2506
2495
-6790
-2959
9819
1588
-535
-1870
5775
-43
-206
3182
4601
-1823
4557
-6618
9367
2418
-6387
-2002
-4632
1270
-2813
-1068
-4871
8830
5763
-3192
-8801
1946
2706
1803
-5262
-9387
-1650
6271
-3138
-4696
5658
9702
9878
3739
-4419
-3131
-6657
-1773
7632
-4221
8378
-1149
-1859
5226
-2318
-7828
-9657
-5055
-133
4219
-7571
-9814
-2394
5070
-5279
9873
6745
5103
9522
4892
4768
8048
6516
1723
-4129
6041
6427
-5967
4353
467
-9044
-613
-653
8566
1253
-8669
5156
-6796
-3842
1921
-5614
6730
1866
-5047
9213
-1581
2268
-2365
1756
-605
6201
7114
-256
3340
-5686
9118
6112
2807
-2258
5760
6485
4969
2498
-2304
-663
4198
-1467
8512
-2128
927
-7052
8838
-3328
-1356
-4694
4489
3014
8124
-8537
3017
3945
9160
8099
6247
-1467
-4280
-6867
1710
-2977
4004
-420
-8535
-9834
839
8794
4541
6724
9792
-6729
-5910
-5609
-6395
-7863
7506
6497
8925
9722
9765
-8295
-372
-6571
7775
-8086
8083
3201
-5301
1190
6240
-4785
-8260
3943
-4247
1429
-1031
2997
2784
123
-6687
-4953
-5761
3849
-2285
-8700
5065
-1422
-8611
8594
-3669
5857
2235
-4003
-8125
9960
-2874
-3255
4599
8303
-8429
-7138
2686
-6141
-3410
2152
2897
-8707
4347
-9204
-9630
2447
7808
-1622
-2141
9857
9870
5794
4640
-1023
6862
-2510
1732
4039
5419
-5242
-4309
-4041
-4866
1198
-1625
2945
-7555
-4827
-7756
3007
604
-3256
3399
-9793
1002
4313
-9328
-7280
9505
2578
-2124
-6136
4572
-2665
6780
8004
5005
-186
2977
-3400
7965
-4932
-6419
9054
-7815
-9856
8147
1241
6494
-5718
9844
6592
8118
-901
-2294
-4789
-1345
-8083
3268
9158
2803
-9018
-6742
9772
6290
9259
7465
-5101
6393
6613
7783
4512
8672
-2776
-8660
8441
-7329
-4754
7728
1401
-4556
-3322
2839
-3222
4248
-6646
-1249
-1681
-6543
9367
-2763
-3348
-3758
1287
4051
8850
-5007
9202
5769
3558
3531
-2387
-2786
8580
8128
-3714
4316
4798
6478
916
414
-4677
-1741
-1678
6170
-9116
4438
4051
2239
2132
-7370
6717
271
2003
4242
-560
3468
1029
-5482
6527
7419
8622
-921
9080
-3850
7012
-6034
7734
9678
287
-7389
-4214
6721
-5757
-8901
-7590
7708
4882
-7370
-1368
-753
6626
-5904
-8109
9845
8681
3880
-1626
2140
-9355
-3305
5563
2593
-1344
-5457
-6002
8462
-9175
1959
-7979
-97
-3642
-3884
9349
-8661
-1475
9826
8589
8351
-385
7072
2278
-276
7002
-2375
10
6641
-4210
-5558
-6150
-6352
-2053
9284
-1810
-2243
8474
7130
8725
1407
9665
6646
-6545
5558
3516
-5515
-5644
2775
9458
6624
-7447
3595
931
3260
4416
-6138
-329
3618
5269
3755
-5275
5043
9168
-2498
-7064
5516
3186
-4908
5825
310
-3173
8504
-5579
7932
1818
-9585
-7412
-777
-2229
-7087
-137
-4739
5332
1818
4485
-5350
6897
344
4341
-9230
-662
2711
-8520
-1137
-6133
-8760
647
-5137
6073
-6814
-671
-415
1665
9938
-7336
5365
-3949
5176
-1845
8385
3198
9401
1386
-2783
-2073
-7024
-2250
4549
617
-3141
-8162
-3420
-7614
-3635
5117
-1647
5778
-9995
-1599
1562
-6338
1027
3906
316
-246
1775
1946
6470
-1765
-9136
4415
9850
5429
7423
-597
-6910
7381
-599
-7967
-7295
-7878
1109
8630
2057
-8691
-2769
-9446
1078
-9104
-1104
-2226
4141
8438
-5188
4293
-8395
-3415
9786
-5655
-2526
-1428
-5406
4115
-5388
-4221
-3253
-3272
-2484
348
1679
6951
-4942
-8743
-7950
-2651
2856
-7107
-6037
-8564
-5932
-4367
6204
-2010
5787
-9416
-2569
-9089
9804
147
-2963
-600
-5571
-6957
6465
-3892
3582
110
-2958
-3971
1043
7138
1396
2783
-7225
2351
-3976
-3673
3160
-4970
-5179
2680
4187
4413
-9399
-1796
7956
6800
-3436
-1402
4422
-3569
-9343
-6326
3255
-6601
1174
6928
-1466
-8692
-6416
-7091
337
-6697
-3690
-9486
-2811
-245
680
5859
-1900
8948
-3709
4832
5162
8992
-6062
7353
3253
2101
-3399
1043
-8999
8108
7815
-3514
736
760
-9638
1908
-112
1854
6901
-8761
1746
7782
-1506
-6723
5533
-1719
-4625
3941
3002
8334
4871
3272
-9761
-3339
-8423
-7478
3958
-1653
6643
-3555
-7487
1811
-252
5012
4883
4504
-5541
8681
8687
-471
7585
-595
7501
-875
2782
8440
8810
-2309
2292
-7628
4461
9331
3401
236
7249
-7712
-5696
-9017
-1413
1684
8460
-4398
-9796
-1528
-3289
-9984
9880
3115
6204
8417
-4971
-7556
5274
-6015
7894
6472
-6727
3238
-3564
-5241
8934
-1843
-1137
4283
7474
-9730
-1267
7405
-9068
4234
3432
8377
-1178
-9102
5513
-9379
9662
-33
-7847
-8532
841
4817
-7038
314
9801
-8342
3936
96
475
9151
2570
-1896
7933
2762
-1530
-7097
1677
-3469
949
-7985
-2089
-9625
2846
5020
-2691
998
-7548
-3653
5389
-6766
5651
1594
-9867
6643
239
-5612
9634
-1934
3196
4448
-1327
2386
3960
7195
1471
1630
-1890
4279
4891
-9309
-7860
-4933
-7897
-8909
-8809
-5872
-8672
1608
8442
1037
-2318
8760
6176
-3144
1690
-9711
-282
7413
-9514
-3355
5320
7251
7735
8520
237
4051
8679
-7035
-851
6016
6609
-3721
-862
5528
2279
9700
4451
7851
-8912
841
-3256
5926
-6792
4919
3071
-7358
-3754
8118
-5402
2597
3676
4249
647
-2423
4642
7671
-6279
7903
-2027
-6700
927
-5893
311
-4184
4628
3498
-6551
-1577
3172
1194
2491
-4934
9587
5217
-3205
-1568
-8946
-9989
7605
-9037
-9383
9499
375
-5721
4168
-4134
6662
-7589
9496
-9446
9381
-9006
6031
9130
-6015
2930
5385
7787
8648
1146
-6820
-9104
7723
7287
6820
-7667
-8114
-102
-9778
1785
683
-4399
-5535
5889
298
-2396
1702
8155
4439
1032
-332
5499
-4858
-4474
-9622
-4279
-5114
-4308
9216
-5701
-3851
3434
-2078
-347
5787
-5279
-1513
-8809
-6772
-5929
-9463
-1864
1621
-2267
-3676
-2003
-6816
4704
-5135
-893
1052
1206
4136
-7671
-3628
5451
-9274
2636
-5985
1632
-3616
9407
-471
3161
4548
-5741
4929
-1379
-4695
-6235
6975
2930
1557
6872
-5941
8296
4596
-3752
6631
-8610
-4823
-1942
6855
-1631
1118
-68
6464
-314
-1463
8481
-8583
1393
-9402
-222
-6607
-1620
-3149
-5886
4906
9391
-8305
-6559
-6184
-3678
-5460
-3563
-8591
4411
-8108
-3898
-6405
1745
-7014
-8943
4891
-5645
7185
-9991
432
3890
8323
530
-5901
-1039
8006
8978
-7851
-7696
-5952
7356
5482
-4689
7933
2249
-8220
6299
-3360
3377
-426
8261
-3964
-141
-2932
-846
-3417
-8313
-2857
7485
3506
7562
2740
-4297
5508
-4168
-6224
6987
-96
-3790
-3868
-3787
-2528
7748
6706
-2071
3252
-1609
854
-7003
4481
-7358
8379
7029
2831
-4774
-5033
-7390
-3050
-5340
-4974
9388
4232
-5161
5517
-9939
-4185
-6353
-307
257
-8060
-8555
-3520
7173
6653
7397
3472
3398
6426
7136
-4520
-5530
3585
6692
-5829
-3580
-4236
-5409
-8873
9882
2556
-3160
-6863
7848
-8701
-7015
5270
-596
5681
895
6250
6416
689
3587
6792
1154
-4137
-9313
5085
-5900
5341
-7463
-7536
7643
3673
6084
-8180
2588
7417
-5382
9024
9265
2841
-5978
3860
-9075
2400
5564
4957
6488
-6760
-3462
-2001
4677
2695
-1206
-2840
-1721
7944
-112
9952
6754
4297
7747
-9656
1435
-3004
5048
9685
6296
-1953
8760
-9463
7919
-2848
-7427
-9388
-9157

3589
4757
-9669
3311
-5845
-9097
-2649
9634
9686
-4774
100
2680
-5895
-3974
5985
-2839
-2972
8231
3381
-9560
9771
-4207
-5701
-9907
-4651
4125
7343
-8416
3740
5076
3541
9670
-3103
-3862
-3359
-1149
3567
6861
8417
-3178
2925
8011
7109
1388
-3555
7376
4622
-5024
4635
-6588
4997
-4866
1147
-1832
2543
-9488
-631
-643
8612
-215
6458
-7582
4037
9608
-3255
-2912
2514
5810
-5872
4640
-9967
-7041
-6888
-1739
-7634
8916
6198
-8577
2912
-1072
7012
2366
-9921
-212
6669
-3536
7092
685
4730
-8680
4428
7213
5047
6060
-7303
7516
-5679
-4143
-7738
-2883
10000
4422
-9427
-6931
-3940
-7932
-3229
-2197
316
1736
-1334
-6928
1287
4555
-9951
-6526
2382
-2742
7830
6415
1382
-2165
8517
80
548
5239
1532
7197
8144
5253
-2285
8757
-302
-3698
2129
6495
8753
-6382
-6395
9522
5351
-711
702
1585
7863
-772
-2269
-6606
-2600
8607
-5094
5469
481
7794
-7917
2190
4141
-8273
8334
8699
7850
3391
-7975
-7026
-526
1028
493
-453
2802
-4814
-696
3353
3645
-3401
1614
-8131
9141
1481
-8635
6876
-5019
5557
2717
-1892
9203
9479
4088
5413
2343
2973
-2845
-8466
-7689
-1791
4654
4239
-6190
9733
2196
9688
4924
-2436
2632
-2997
-2425
7283
-802
4818
4090
-2327
-5570
7751
2500
7371
6316
-6127
-1646
2963
5777
-3872
6520
6561
-2426
9587
4091
-9277
7634
6268
-7614
-6651
4848
7282
-9912
6780
-8445
2756
-6403
-9164
-1964
6637
-7459
-9016
2294
-1062
-6688
8812
5131
4541
4470
-7785
2745
6624
9049
950
696
-1646
7522
4394
-8549
-7477
-7334
-6342
-7782
-6364
6003
-2551
5533
-9395
-9022
3476
3697
-8209
-5802
7911
-1237
4231
4511
-7552
-2128
-1174
7378
7570
-6701
-2753
-617
624
6126
1593
6742
-377
-8098
5380
1064
8246
-6093
944
7502
6842
-3688
9515
7977
883
1403
-3059
-3440
3114
-666
7082
-5826
8929
-7323
-6726
-4506
-9146
4359
-6579
-4087
-6839
4262
9006
-8966
-8362
-6493
2799
-7940
3920
1876
-257
-8782
3208
7894
2348
-2161
-9478
7975
5371
1355
9386
1240
1238
-5763
1114
-7225
-1695
-7937
-3443
5435
-4685
9356
5541
-4262
-5652
-859
-3163
7175
-1252
3852
-6160
-490
7803
2399
4982
3494
1147
2772
-9782
-3952
2008
403
7245
9264
-3252
-4887
-1705
-1095
-5948
8218
7432
3704
-5105
9629
-2191
-2841
3877
-9657
-5641
1129
-7113
-9613
-3301
-8013
4185
-3826
-482
-8316
634
-5975
-5171
-2152
3038
-2308
6173
-8719
-9527
8774
2816
-866
-7514
5472
2792
-5900
9588
6768
-4985
332
8393
8100
3464
-4584
5890
-7655
7162
6942
-6707
-33
4003
-2932
8017
8712
-9449
-1830
8681
-6319
1849
4869
-7959
7294
-758
9146
1775
-685
-321
-4053
2195
-8824
-6352
-9552
419
4903
6642
-5954
2364
-2396
3131
-94
4521
-3215
4915
1448
-6312
-8309
-5457
1083
1961
-5918
-4740
-9397
-4814
-7854
-4739
774
-5697
-5000
-728
-3777
-8317
-1554
7245
-331
-8373
1905
-5199
5030
-2965
-4380
5847
2373
8321
5490
285
626
-998
6932
-5910
-6655
-7151
-8135
451
-9225
-5870
-4046
4387
5936
5533
-7566
-3517
4568
-2693
-9780
5536
-997
3163
5713
-9032
8702
-2107
-4275
1786
3361
-9359
-9801
2310
4882
-6237
8383
-9632
4040
-782
-4301
7760
-8638
-6826
3768
-9556
-5950
5866
-1435
6068
3984
-6597
-295
4712
7759
72
4182
7560
2783
6098
4554
2149
5738
-4069
-591
805
5622
-6412
686
4254
2864
3129
-3036
-7404
2606
-3235
-3479
-9508
4640
-2678
4027
-6299
-7049
2408
245
-6990
5418
559
-4556
-6752
4452
-6699
-8931
1805
3071
-3854
-8544
7106
9991
-5475
4237
7130
8464
8978
3158
9732
4310
597
-1944
7155
9418
-4226
-7986
-347
-2499
5616
-5580
8007
9999
9645
-1054
8652
8793
4408
-1278
-9591
-2512
9023
8379
8748
-1320
1297
-4757
-8122
-3009
-7553
337
2175
7488
5140
-63
7263
9745
-4927
-2484
-7725
-5762
-7364
9397
5906
-8036
-6049
6694
-1922
-8414
-7302
5834
6821
3673
2930
1256
5543
-3733
2226
-6656
3109
-3609
9514
2062
-5282
5717
8181
-2665
-4597
-5273
5866
-4474
-7351
1092
-6866
3493
2761
-5237
-5153
-3587
6325
-6078
8885
7859
1084
-6223
4000
-9867
-7369
4161
8373
5147
-7074
1867
7652
1677
2056
-8999
-7972
-3358
3921
2522
53
4530
3447
943
-2730
-6405
6825
-9249
-7486
761
3050
-8416
-2561
-7579
-2146
1675
-8166
599
-3206
4595
-91
1917
1653
-8188
3448
-1613
-4428
-5285
639
-2217
5355
4812
-8193
-7555
2640
6339
7245
-5671
9964
-7445
887
-8707
9508
7408
-8989
-7545
-1785
3340
675
-945
-3151
5043
-2440
-4944
-7784
3003
-5363
3968
-4200
-1132
9670
-2888
-1793
6455
-29
-8946
3386
1450
-9140
-4488
2490
4105
4976
-8457
1532
-8547
7300
6916
-6553
3963
-264
-467
-7724
4706
5235
466
-8528
-5771
1252
-4757
-5493
-7276
4013
7548
8802
4148
9563
-1520
-319
7255
-1548
-2575
-8994
-2032
-6980
-6936
7827
-1843
-2335
-4972
-8059
5041
6091
3264
3242
-7930
-9869
-245
-6533
4522
560
1625
-258
580
-1769
6199
-6899
-348
7967
-4113
-56
3043
-3399
-9792
3671
-8275
812
-2485
-9894
-1690
-9733
-4656
2417
-1936
2009
4157
-2506
2495
-6790
-2959
9819
1588
-535
-1870
5775
-43
-206
3182
4601
-1823
4557
-6618
9367
2418
-6387
-2002
-4632
1270
-2813
-1068
-4871
8830
5763
-3192
-8801
1946
2706
1803
-5262
-9387
-1650
6271
-3138
-4696
5658
9702
9878
3739
-4419
-3131
-6657
-1773
7632
-4221
8378
-1149
-1859
5226
-2318
-7828
-9657
-5055
-133
4219
-7571
-9814
-2394
5070
-5279
9873
6745
5103
9522
4892
4768
8048
6516
1723
-4129
6041
6427
-5967
4353
467
-9044
-613
-653
8566
1253
-8669
5156
-6796
-3842
1921
-5614
6730
1866
-5047
9213
-1581
2268
-2365
1756
-605
6201
7114
-256
3340
-5686
9118
6112
2807
-2258
5760
6485
4969
2498
-2304
-663
4198
-1467
8512
-2128
927
-7052
8838
-3328
-1356
-4694
4489
3014
8124
-8537
3017
3945
9160
8099
6247
-1467
-4280
-6867
1710
-2977
4004
-420
-8535
-9834
839
8794
4541
6724
9792
-6729
-5910
-5609
-6395
-7863
7506
6497
8925
9722
9765
-8295
-372
-6571
7775
-8086
8083
3201
-5301
1190
6240
-4785
-8260
3943
-4247
1429
-1031
2997
2784
123
-6687
-4953
-5761
3849
-2285
-8700
5065
-1422
-8611
8594
-3669
5857
2235
-4003
-8125
9960
-2874
-3255
4599
8303
-8429
-7138
2686
-6141
-3410
2152
2897
-8707
4347
-9204
-9630
2447
7808
-1622
-2141
9857
9870
5794
4640
-1023
6862
-2510
1732
4039
5419
-5242
-4309
-4041
-4866
1198
-1625
2945
-7555
-4827
-7756
3007
604
-3256
3399
-9793
1002
4313
-9328
-7280
9505
2578
-2124
-6136
4572
-2665
6780
8004
5005
-186
2977
-3400
7965
-4932
-6419
9054
-7815
-9856
8147
1241
6494
-5718
9844
6592
8118
-901
-2294
-4789
-1345
-8083
3268
9158
2803
-9018
-6742
9772
6290
9259
7465
-5101
6393
6613
7783
4512
8672
-2776
-8660
8441
-7329
-4754
7728
1401
-4556
-3322
2839
-3222
4248
-6646
-1249
-1681
-6543
9367
-2763
-3348
-3758
1287
4051
8850
-5007
9202
5769
3558
3531
-2387
-2786
8580
8128
-3714
4316
4798
6478
916
414
-4677
-1741
-1678
6170
-9116
4438
4051
2239
2132
-7370
6717
271
2003
4242
-560
3468
1029
-5482
6527
7419
8622
-921
9080
-3850
7012
-6034
7734
9678
287
-7389
-4214
6721
-5757
-8901
-7590
7708
4882
-7370
-1368
-753
6626
-5904
-8109
9845
8681
3880
-1626
2140
-9355
-3305
5563
2593
-1344
-5457
-6002
8462
-9175
1959
-7979
-97
-3642
-3884
9349
-8661
-1475
9826
8589
8351
-385
7072
2278
-276
7002
-2375
10
6641
-4210
-5558
-6150
-6352
-2053
9284
-1810
-2243
8474
7130
8725
1407
9665
6646
-6545
5558
3516
-5515
-5644
2775
9458
6624
-7447
3595
931
3260
4416
-6138
-329
3618
5269
3755
-5275
5043
9168
-2498
-7064
5516
3186
-4908
5825
310
-3173
8504
-5579
7932
1818
-9585
-7412
-777
-2229
-7087
-137
-4739
5332
1818
4485
-5350
6897
344
4341
-9230
-662
2711
-8520
-1137
-6133
-8760
647
-5137
6073
-6814
-671
-415
1665
9938
-7336
5365
-3949
5176
-1845
8385
3198
9401
1386
-2783
-2073
-7024
-2250
4549
617
-3141
-8162
-3420
-7614
-3635
5117
-1647
5778
-9995
-1599
1562
-6338
1027
3906
316
-246
1775
1946
6470
-1765
-9136
4415
9850
5429
7423
-597
-6910
7381
-599
-7967
-7295
-7878
1109
8630
2057
-8691
-2769
-9446
1078
-9104
-1104
-2226
4141
8438
-5188
4293
-8395
-3415
9786
-5655
-2526
-1428
-5406
4115
-5388
-4221
-3253
-3272
-2484
348
1679
6951
-4942
-8743
-7950
-2651
2856
-7107
-6037
-8564
-5932
-4367
6204
-2010
5787
-9416
-2569
-9089
9804
147
-2963
-600
-5571
-6957
6465
-3892
3582
110
-2958
-3971
1043
7138
1396
2783
-7225
2351
-3976
-3673
3160
-4970
-5179
2680
4187
4413
-9399
-1796
7956
6800
-3436
-1402
4422
-3569
-9343
-6326
3255
-6601
1174
6928
-1466
-8692
-6416
-7091
337
-6697
-3690
-9486
-2811
-245
680
5859
-1900
8948
-3709
4832
5162
8992
-6062
7353
3253
2101
-3399
1043
-8999
8108
7815
-3514
736
760
-9638
1908
-112
1854
6901
-8761
1746
7782
-1506
-6723
5533
-1719
-4625
3941
3002
8334
4871
3272
-9761
-3339
-8423
-7478
3958
-1653
6643
-3555
-7487
1811
-252
5012
4883
4504
-5541
8681
8687
-471
7585
-595
7501
-875
2782
8440
8810
-2309
2292
-7628
4461
9331
3401
236
7249
-7712
-5696
-9017
-1413
1684
8460
-4398
-9796
-1528
-3289
-9984
9880
3115
6204
8417
-4971
-7556
5274
-6015
7894
6472
-6727
3238
-3564
-5241
8934
-1843
-1137
4283
7474
-9730
-1267
7405
-9068
4234
3432
8377
-1178
-9102
5513
-9379
9662
-33
-7847
-8532
841
4817
-7038
314
9801
-8342
3936
96
475
9151
2570
-1896
7933
2762
-1530
-7097
1677
-3469
949
-7985
-2089
-9625
2846
5020
-2691
998
-7548
-3653
5389
-6766
5651
1594
-9867
6643
239
-5612
9634
-1934
3196
4448
-1327
2386
3960
7195
1471
1630
-1890
4279
4891
-9309
-7860
-4933
-7897
-8909
-8809
-5872
-8672
1608
8442
1037
-2318
8760
6176
-3144
1690
-9711
-282
7413
-9514
-3355
5320
7251
7735
8520
237
4051
8679
-7035
-851
6016
6609
-3721
-862
5528
2279
9700
4451
7851
-8912
841
-3256
5926
-6792
4919
3071
-7358
-3754
8118
-5402
2597
3676
4249
647
-2423
4642
7671
-6279
7903
-2027
-6700
927
-5893
311
-4184
4628
3498
-6551
-1577
3172
1194
2491
-4934
9587
5217
-3205
-1568
-8946
-9989
7605
-9037
-9383
9499
375
-5721
4168
-4134
6662
-7589
9496
-9446
9381
-9006
6031
9130
-6015
2930
5385
7787
8648
1146
-6820
-9104
7723
7287
6820
-7667
-8114
-102
-9778
1785
683
-4399
-5535
5889
298
-2396
1702
8155
4439
1032
-332
5499
-4858
-4474
-9622
-4279
-5114
-4308
9216
-5701
-3851
3434
-2078
-347
5787
-5279
-1513
-8809
-6772
-5929
-9463
-1864
1621
-2267
-3676
-2003
-6816
4704
-5135
-893
1052
1206
4136
-7671
-3628
5451
-9274
2636
-5985
1632
-3616
9407
-471
3161
4548
-5741
4929
-1379
-4695
-6235
6975
2930
1557
6872
-5941
8296
4596
-3752
6631
-8610
-4823
-1942
6855
-1631
1118
-68
6464
-314
-1463
8481
-8583
1393
-9402
-222
-6607
-1620
-3149
-5886
4906
9391
-8305
-6559
-6184
-3678
-5460
-3563
-8591
4411
-8108
-3898
-6405
1745
-7014
-8943
4891
-5645
7185
-9991
432
3890
8323
530
-5901
-1039
8006
8978
-7851
-7696
-5952
7356
5482
-4689
7933
2249
-8220
6299
-3360
3377
-426
8261
-3964
-141
-2932
-846
-3417
-8313
-2857
7485
3506
7562
2740
-4297
5508
-4168
-6224
6987
-96
-3790
-3868
-3787
-2528
7748
6706
-2071
3252
-1609
854
-7003
4481
-7358
8379
7029
2831
-4774
-5033
-7390
-3050
-5340
-4974
9388
4232
-5161
5517
-9939
-4185
-6353
-307
257
-8060
-8555
-3520
7173
6653
7397
3472
3398
6426
7136
-4520
-5530
3585
6692
-5829
-3580
-4236
-5409
-8873
9882
2556
-3160
-6863
7848
-8701
-7015
5270
-596
5681
895
6250
6416
689
3587
6792
1154
-4137
-9313
5085
-5900
5341
-7463
-7536
7643
3673
6084
-8180
2588
7417
-5382
9024
9265
2841
-5978
3860
-9075
2400
5564
4957
6488
-6760
-3462
-2001
4677
2695
-1206
-2840
-1721
7944
-112
9952
6754
4297
7747
-9656
1435
-3004
5048
9685
6296
-1953
8760
-9463
7919
543
1
32
4
